574
666
1378
2916
3323
4098
4353
6228
6533
7020
7201
7920
8288
8435
9053
12782
15709
16807
17374
17573
17859
20111
22548
25791
25923
26270
26796
27415
27645
29156
29230
30871
31157
31686
32075
32090
32845
34692
35041
36647
40476
42212
43861
45854
46531
46586
46649
46685
46926
46954
48085
49897
50117
52813
52874
52901
54036
55361
55668
55746
57212
58235
59776
61033
64263
64299
64499
64938
69128
70102
70873
71717
72615
73670
74449
74542
75357
75663
76911
77388
77984
78055
78534
78948
81813
83389
86725
87774
88720
89198
89520
90692
91848
91901
93869
94492
95053
95427
98485
98945
99155
99190
103028
103740
104442
106134
110039
110074
110406
110480
111467
111892
112561
114145
114502
114722
115370
115550
115602
116885
118212
118709
120286
120737
121127
121262
122666
122777
122891
123873
126884
127277
128907
129290
130529
131377
132144
134834
135240
139664
140095
140861
141160
141415
143141
143732
144878
145449
146802
147889
149847
151943
152295
153205
153375
154900
155090
159216
162135
163248
164977
165226
165651
167714
167981
168640
170257
171548
171729
171747
173767
175888
179906
181244
181315
181514
181622
183824
184004
184246
185965
186768
186836
187294
187628
187664
189279
189886
191984
193052
193512
194150
194291
194317
196206
196279
197009
197384
199810
200404
202735
203484
204893
205037
205045
205521
206003
207479
208203
209083
209182
211742
212391
212849
212862
214250
217940
218822
220363
221012
222058
222845
223874
226167
226457
228880
228920
229298
232568
233421
233956
235000
236655
237824
238707
239513
239716
241155
241346
242022
242789
242847
243116
243999
244513
245435
246495
246861
247144
247352
247497
247551
247984
249160
249857
251534
253573
254294
255263
256727
258069
261226
261373
261497
262898
263088
263597
264825
265160
265854
266035
267414
267463
268045
268090
268106
269238
269366
272330
272496
272598
273632
274633
274894
277322
277749
277845
279113
281047
281682
281726
282203
282389
283768
286665
286746
286765
289794
290672
290695
294492
295964
296616
298775
298860
301436
301484
301491
301875
302436
302471
303035
303102
303222
304399
306637
307300
307664
307942
308188
308316
309308
310263
310898
314572
314892
315932
316770
317199
317426
317744
319086
319599
320323
320525
320541
321597
321769
322012
322021
322461
323249
323656
326866
327027
327492
328803
329752
330396
331030
331068
331915
333130
334016
334163
334664
335974
337024
339267
339387
340989
341060
341451
342507
343323
344097
346574
349499
350141
350918
351255
351656
352709
352740
355016
355841
357431
358534
358669
358997
360076
360661
367198
367563
367809
368544
369982
370161
372846
373848
375059
375091
375652
376676
378912
379177
379334
379663
380773
383314
383947
384410
384628
387785
388649
390811
393513
396941
398204
399743
400089
400455
400646
402793
402995
403376
405963
408021
408595
409668
409823
409975
410887
412013
412429
413496
414833
414955
418054
419445
419743
420332
423050
424084
424386
424432
424743
425047
425115
425388
425450
426584
427257
427328
428509
429225
429336
429976
430545
433980
434377
437093
437876
438936
439163
439280
439319
439676
441600
446290
446714
447979
448542
450341
452011
455454
455622
455749
458269
459973
460575
464214
464759
465530
466654
466778
467928
468340
469454
470731
471306
471394
471831
472188
475531
475920
476565
477206
478876
478974
480613
481960
482861
483037
483804
484908
485248
486276
486392
487111
488119
489544
490433
490791
491319
492489
493296
495857
496302
497192
498968
500472
501016
501311
502345
502415
504644
507187
508272
509151
509504
510479
511482
512497
512757
515238
516439
516746
516901
517562
518778
518874
520076
521537
522876
523640
523994
530355
531595
531745
532280
533054
533797
535527
535601
536029
536569
537880
540984
541548
542392
542755
543875
545199
545725
547310
548319
548381
550463
553374
553431
553974
554643
555276
555748
555944
557101
558158
558923
558925
559277
559605
559672
560374
562223
562552
563769
564104
565263
567261
567435
568838
569443
570969
571847
572064
574774
576460
576723
577082
577143
578625
580674
581963
582337
582690
584139
587850
588718
588821
592445
592528
593405
595249
595902
596017
597778
598135
598673
602660
603654
604317
605419
607169
607996
608671
608686
609792
610794
611922
614075
617218
617283
617966
618689
620374
620585
620691
621269
621386
621661
621874
623660
624010
625002
625268
627149
627844
628054
628246
628703
630868
632803
633727
634653
638263
638554
639022
640779
641368
641913
642681
643307
645899
645901
646668
646922
646971
646983
649365
650571
650948
651695
659775
660543
660668
661487
661511
661728
663826
664526
665799
666294
667063
667887
667957
668352
670150
670768
671058
674146
674867
676110
681416
682600
684268
684650
685809
686182
686683
687381
688897
688919
689569
690175
690795
695262
695356
697838
700533
701670
702655
704123
705342
705437
708821
709864
710008
710417
713362
713502
713861
714400
716452
716529
717413
720081
722137
723441
725390
725467
725507
725892
726789
726882
727867
729657
729664
729983
731528
733382
734841
736123
736615
736974
739099
739127
739237
739711
741074
741083
741097
741137
741706
743192
745178
746913
748677
749012
749098
749361
754347
754642
756882
757097
757373
757539
761810
762191
762468
762641
765743
765924
765942
766548
767466
768601
768892
768960
769428
770666
775845
776316
776343
776954
777853
778311
778343
779381
781319
781582
782503
782688
783829
784130
784487
786067
788023
788467
789168
791013
791451
791882
792371
796099
796840
796932
796971
797369
799846
799919
800258
802050
802442
802879
807795
807913
808101
809462
810304
811364
811382
811961
812974
817171
817495
818973
820591
820667
820731
820953
821780
822205
824353
825028
825829
826459
827154
828972
829502
830022
831307
831747
832544
834643
836202
836994
838654
839559
842262
842404
843266
845901
846087
846153
847152
847602
848078
849172
849917
850761
851869
852335
852558
852654
854976
855673
855924
856246
861144
861505
861716
862032
863437
863732
864804
867579
869162
869301
869391
871433
873646
873868
876630
878185
878337
879987
880855
880937
881276
881358
882945
884518
885956
887190
887639
890675
893295
895990
896836
897135
900675
901051
902171
902219
902944
903162
903193
903369
904386
904844
909082
909136
909538
911532
911643
914345
915815
916480
917295
917937
918219
918656
919001
919282
920645
922178
922985
924088
925423
925755
925777
928840
929368
930455
933640
933760
935298
935546
937600
937960
938161
938965
939805
941099
941558
941560
942668
943657
943855
944545
944642
946563
947805
947837
949803
950239
953046
953258
953885
956210
958201
958252
958613
958825
958840
959167
960935
961096
961206
961702
963481
964602
967543
967741
968740
972978
973025
973116
973635
974477
974931
975178
975747
976769
977459
978802
978989
979093
980379
980636
980907
981988
982467
982891
983977
984719
986944
987394
987539
988148
988293
991951
992379
995135
995137
996574
998488
999313
999720
