3323
12782
16807
27645
29230
31686
36647
54036
61033
75663
91901
99155
110074
118709
126884
131377
132144
187294
196206
211742
220363
238707
239716
243116
247984
261373
281682
283768
310263
321597
341060
352709
355016
358534
375091
379663
380773
390811
408021
409975
426584
439280
447979
455749
475531
486276
493296
511482
512497
516439
523640
531745
541548
542755
545199
548381
554643
559605
565263
571847
572064
582337
614075
617218
625002
640779
651695
704123
725390
725892
729657
729664
733382
741083
779381
782688
789168
796840
799919
800258
807913
808101
809462
811961
818973
820953
821780
834643
847602
852335
878337
895990
901051
902944
922178
929368
935546
937600
939805
944642
