58
108
137
201
219
470
574
630
666
681
1012
1096
1378
1387
1445
1731
1765
1817
1829
2008
2124
2190
2228
2319
2348
2485
2532
2916
3290
3323
3762
4098
4100
4114
4218
4353
4361
4367
4488
4546
4687
4811
4837
4886
4978
5185
5233
5260
5477
5489
5526
5541
5691
5939
5974
6175
6228
6247
6359
6439
6533
6717
6776
6909
7020
7163
7201
7300
7380
7564
7631
7664
7683
7688
7747
7920
8026
8102
8109
8182
8211
8288
8380
8383
8435
8658
8898
9053
9385
9591
9642
9821
9828
9839
9993
10021
10031
10047
10303
10519
10733
10773
10790
10822
10856
10948
11012
11042
11200
11267
11287
11343
11602
11756
11808
11895
11929
11987
12236
12356
12464
12561
12567
12611
12782
12945
13189
13201
13233
13234
13255
13298
13388
13405
13456
13483
13568
13721
13774
13877
14015
14103
14552
14753
15049
15112
15169
15236
15374
15426
15446
15692
15709
16010
16119
16199
16420
16450
16464
16635
16697
16807
16817
17077
17282
17292
17374
17394
17573
17726
17859
18037
18254
18352
18388
18690
18943
19170
19264
19434
19482
19662
19674
19874
19879
19930
19982
20060
20111
20207
20385
20483
20520
20539
20651
20686
20689
20920
21171
21248
21257
21265
21332
21355
21371
21463
21517
21583
21761
21809
21880
21940
22004
22100
22174
22238
22358
22548
23004
23027
23074
23250
23328
23356
23529
23538
23827
23916
23993
24048
24124
24152
24258
24278
24298
24441
24658
24843
24906
24921
25008
25050
25202
25339
25743
25791
25798
25843
25923
25995
26072
26127
26234
26270
26345
26349
26364
26422
26522
26640
26675
26730
26740
26779
26782
26796
27014
27131
27208
27271
27296
27415
27444
27570
27645
27657
27686
27769
27883
27921
27956
28162
28171
28333
28335
28420
28525
28701
28715
28719
28733
28827
28852
28864
29029
29046
29156
29184
29203
29230
29465
29477
29543
29894
30006
30071
30160
30188
30269
30666
30832
30871
31066
31157
31360
31499
31686
31723
31965
31968
32075
32090
32219
32221
32456
32467
32632
32803
32845
32861
32922
33044
33226
33465
33575
33906
34269
34297
34322
34390
34499
34692
34821
34836
35041
35154
35318
35535
35589
35683
35889
35910
35936
35977
36214
36455
36523
36551
36647
36683
36694
36862
36884
36953
37012
37265
37275
37317
37456
37577
37619
37640
37795
37815
37820
37991
38328
38571
38622
38652
38818
39324
39395
39576
39616
39711
39807
39995
40227
40304
40448
40467
40476
40957
40983
41072
41242
41433
41714
41748
42108
42212
42396
42398
42496
42526
42577
42598
42812
43063
43123
43230
43281
43471
43486
43604
43657
43813
43861
43899
43906
43959
44205
44523
44624
44874
44901
45281
45345
45367
45390
45735
45854
45857
45858
45884
45901
46150
46344
46406
46531
46586
46649
46685
46871
46926
46941
46954
47009
47043
47167
47211
47310
47409
48004
48085
48193
48195
48218
48239
48290
48321
48324
48452
48500
48509
48532
48790
48856
48891
49112
49143
49212
49393
49455
49560
49632
49712
49727
49834
49849
49897
50020
50117
50131
50158
50225
50291
50385
50433
50557
50570
50650
50823
50943
51033
51104
51150
51223
51235
51297
51309
51332
51388
51523
51667
51974
52032
52133
52143
52451
52646
52671
52758
52813
52874
52901
53129
53316
53402
53550
53574
53586
53677
53770
53810
53893
53895
53913
54036
54076
54123
54341
54375
54461
54511
54522
54567
54848
54959
55072
55085
55170
55171
55198
55303
55361
55391
55517
55583
55659
55668
55746
55877
56004
56073
56169
56662
56802
56844
57046
57110
57151
57212
57438
57471
57693
57724
57881
58002
58235
58504
58582
58791
59262
59586
59729
59776
59969
60306
60477
60629
60780
60824
61033
61038
61056
61143
61333
61417
61431
61446
61546
61595
61681
61846
62341
62369
62562
62681
62833
62840
62874
62921
62924
62961
62978
63003
63112
63137
63324
63356
63458
63722
63734
63912
63959
64117
64126
64138
64186
64211
64263
64299
64499
64652
64721
64938
64956
65128
65148
65313
65414
65506
65794
66135
66265
66314
66486
66523
66651
66740
66768
66895
66896
66917
66940
67168
67475
67567
67596
67869
67936
67969
68134
68560
68583
68750
68799
68944
69128
69242
69355
69536
69650
69677
69852
69914
70102
70249
70261
70342
70519
70551
70861
70873
70985
71156
71245
71694
71717
71796
71799
71823
71923
71975
72015
72023
72030
72086
72311
72387
72448
72615
72908
73131
73184
73516
73670
73881
73892
74111
74221
74247
74287
74331
74449
74509
74542
74561
74617
74654
74715
74807
74918
74925
75099
75136
75219
75271
75357
75374
75425
75501
75565
75576
75663
75667
75669
75837
75839
75948
76090
76163
76498
76556
76563
76656
76747
76773
76879
76911
76963
76987
77352
77354
77355
77388
77479
77544
77564
77565
77670
77757
77855
77984
78055
78103
78334
78500
78534
78537
78585
78688
78756
78815
78948
79180
79232
79304
79464
79499
79575
79969
80014
80076
80106
80176
80313
80334
80344
80561
80568
80667
80779
80782
80859
80882
81286
81384
81705
81813
82098
82116
82142
82159
82265
82676
82701
82777
82920
82951
82994
83040
83157
83188
83311
83326
83342
83347
83389
83443
83663
83749
83845
83981
84014
84037
84083
84376
84425
84562
84603
84833
85088
85260
85328
85408
85462
85529
85573
85689
85812
85904
85974
86211
86219
86383
86412
86456
86612
86725
86729
86814
87066
87334
87553
87774
87857
87872
87874
88145
88595
88600
88720
88873
89198
89237
89323
89332
89490
89520
89521
89565
89635
89712
90148
90183
90375
90379
90540
90619
90692
90754
90985
91089
91095
91151
91314
91576
91687
91716
91848
91897
91901
91971
92095
92202
92271
92338
92396
92409
92522
92554
92666
92682
93254
93351
93634
93635
93869
94044
94052
94112
94123
94219
94338
94413
94415
94434
94492
94706
94738
94836
94861
94875
95012
95053
95063
95194
95229
95285
95334
95385
95391
95427
95710
96013
96016
96069
96371
96484
96550
96624
96927
97041
97125
97130
97327
97680
97682
97716
97776
97955
97967
98068
98083
98195
98423
98433
98485
98614
98931
98945
99023
99055
99155
99190
99414
99426
99584
99643
99805
99854
99948
100084
100192
100257
100327
100372
100411
100420
100441
100465
100511
100665
100898
100974
101006
101012
101354
101440
101514
101650
101888
102011
102048
102276
102295
102395
102440
102479
102630
102664
102746
103028
103308
103474
103506
103609
103640
103695
103713
103740
103765
103798
103820
103927
104095
104156
104186
104270
104345
104442
104482
104961
105149
105355
105362
105598
105831
105894
105959
106065
106134
106171
106350
106450
106924
107179
107282
107296
107367
107444
107535
107558
107780
107807
107909
107913
107971
108070
108279
108451
108467
108610
108672
108728
109023
109267
109417
109433
109768
109772
109803
109956
110039
110074
110103
110295
110369
110406
110416
110480
110686
110941
110970
111122
111227
111250
111323
111434
111467
111567
111839
111892
112107
112115
112133
112169
112451
112561
112608
112628
112877
112909
113003
113031
113094
113097
113225
113234
113257
113268
113316
113456
113587
113617
113690
113779
113889
113993
114145
114183
114317
114466
114499
114502
114562
114722
114887
115033
115203
115332
115356
115370
115515
115550
115602
115673
115887
115931
116098
116183
116288
116295
116380
116548
116552
116592
116792
116862
116885
116925
116933
117146
117224
117236
117337
117386
117390
117492
117533
117667
117760
117781
117872
117898
117956
117963
118055
118064
118136
118212
118223
118478
118709
118754
118800
118986
119041
119273
119367
119404
119761
119815
119867
120065
120221
120286
120348
120528
120548
120641
120668
120737
120746
120848
120882
121122
121127
121160
121165
121262
121285
121315
121346
121475
121597
121612
121642
121764
121921
121940
122103
122115
122157
122221
122278
122359
122609
122666
122668
122670
122770
122777
122807
122875
122891
122909
122995
123018
123109
123273
123274
123581
123873
123993
124087
124207
124222
124257
124275
124363
124367
124708
124829
124920
125067
125073
125293
125642
125677
125825
125842
125996
126143
126146
126172
126476
126477
126736
126754
126865
126884
127277
127301
127369
127598
127607
127828
128215
128231
128233
128332
128355
128507
128660
128759
128814
128907
128954
128984
129124
129229
129290
129296
129441
129534
129789
129901
130169
130237
130378
130512
130529
130554
130913
130963
131043
131083
131377
131491
131512
131600
131632
131994
131995
132076
132144
132173
132212
132437
132542
132616
132711
132770
132807
132835
132852
132975
133281
133293
133577
133598
133610
133641
133807
133837
133848
133893
133933
134064
134339
134344
134462
134470
134486
134498
134558
134807
134834
134879
134921
134949
135090
135110
135191
135240
135282
135488
135500
135539
135958
136075
136209
136223
136235
136509
136548
136585
136594
136780
136919
137078
137085
137148
137313
137364
137389
137406
137542
137882
137904
138076
138187
138512
138650
138821
138822
139081
139185
139263
139420
139484
139599
139664
139829
140095
140098
140442
140525
140725
140861
140894
140987
140991
141067
141137
141160
141185
141269
141317
141320
141343
141351
141415
141465
141685
141834
141983
142021
142157
142375
142700
142840
142864
143028
143141
143292
143327
143355
143433
143732
143839
144152
144367
144515
144815
144878
144884
145034
145208
145242
145331
145360
145403
145449
145515
145641
145765
146166
146183
146184
146231
146232
146274
146445
146485
146517
146706
146711
146802
146915
146976
147198
147332
147364
147809
147889
148050
148090
148228
148399
148431
148588
148590
148674
148898
148914
149041
149196
149413
149471
149756
149847
149893
149917
150209
150346
150372
150706
150727
151041
151055
151150
151223
151330
151426
151464
151745
151897
151943
151975
152295
152459
152485
152622
152679
152683
152710
152832
152852
152999
153064
153205
153219
153287
153375
153412
153525
153543
153574
153867
154223
154325
154535
154606
154623
154900
154946
154966
155030
155044
155090
155218
155288
155306
155343
155479
155487
155605
155972
156027
156053
156094
156252
156259
156347
156389
156526
156729
156897
157075
157100
157191
157335
157366
157390
157398
157837
157990
158338
158389
158494
158803
158871
159003
159122
159125
159216
159236
159293
159407
159420
159427
159486
159631
159651
159668
159865
159959
160131
160291
160328
160474
160809
160947
160961
160966
160993
161021
161034
161087
161263
161397
161962
162026
162093
162130
162135
162219
162232
162244
162245
162367
162688
163248
163605
163620
163733
163795
163939
163985
164054
164127
164151
164162
164195
164372
164377
164458
164763
164778
164823
164977
164980
165050
165057
165125
165226
165275
165651
165859
165969
166399
166536
166635
166686
166825
166961
166988
167010
167124
167391
167559
167714
167750
167778
167981
168207
168218
168249
168304
168333
168392
168640
168754
168943
168998
169056
169181
169524
169526
169546
169645
169873
169924
170005
170257
170316
170351
170358
170419
170566
170647
170667
170929
171059
171116
171548
171590
171626
171639
171729
171747
171789
171796
171803
172060
172267
172436
172486
172604
172635
173050
173085
173239
173248
173262
173279
173574
173738
173767
173777
173928
173935
173988
174051
174072
174309
174500
174663
174694
174705
175009
175030
175138
175380
175562
175564
175683
175691
175756
175787
175888
175954
175960
176024
176125
176223
176326
176493
176707
176710
176711
176720
176826
176992
177023
177349
177461
177647
177648
177834
177892
177962
178041
178259
178261
178505
178674
178754
178755
178992
179084
179138
179522
179574
179612
179695
179722
179839
179906
179989
180096
180316
180458
180474
180626
180627
180716
180826
180929
180943
180948
181004
181085
181244
181282
181306
181315
181363
181514
181515
181562
181622
181629
181652
181737
181975
181995
182096
182650
182799
182875
182978
183053
183091
183211
183250
183591
183605
183715
183824
183834
183875
184004
184186
184246
184394
184421
184678
184757
184793
184881
184893
185103
185204
185225
185289
185451
185596
185748
185766
185798
185816
185965
186091
186187
186254
186333
186396
186420
186425
186768
186836
186838
186943
187002
187060
187288
187294
187487
187514
187628
187651
187664
187751
187800
188436
188439
188451
188562
188569
188703
188829
188861
189126
189242
189279
189336
189398
189451
189469
189609
189870
189886
189918
190004
190114
190262
190282
190393
190408
190557
190730
190781
190895
190951
191021
191127
191181
191488
191847
191984
192293
192379
192611
192612
192655
192710
192771
192792
192876
192885
192984
193052
193091
193194
193231
193238
193274
193319
193512
193587
193913
193933
194044
194101
194111
194150
194199
194208
194217
194291
194317
194412
194433
194505
194672
195276
195456
195531
195670
195752
195971
195977
196206
196211
196279
196416
196843
197009
197051
197177
197278
197330
197359
197384
197566
197624
197787
197862
197969
198011
198568
198672
198767
198799
198864
199087
199242
199258
199315
199317
199344
199453
199499
199519
199527
199623
199627
199810
199847
199894
199905
200018
200052
200277
200368
200387
200404
200426
200545
200687
200696
200808
201018
201026
201063
201188
201204
201219
201271
201353
201714
201727
201822
201836
201916
201948
201954
202108
202213
202735
203176
203210
203240
203243
203484
203591
203625
203656
203710
203768
203878
203978
203999
204281
204591
204815
204893
204986
205037
205045
205083
205245
205362
205390
205521
205612
205667
205814
205870
205886
205889
205927
206003
206065
206477
206502
206584
206633
206666
206730
206731
206947
206951
207024
207147
207181
207183
207185
207479
207729
207748
207775
207910
207951
207989
208015
208059
208076
208178
208203
208433
208556
208790
208847
208891
208954
209018
209083
209182
209202
209295
209583
209718
209775
210140
210255
210339
210503
210512
210513
210518
210548
210588
210810
210819
210844
210959
210974
211315
211567
211653
211686
211706
211742
211774
211826
211861
211877
211940
212081
212106
212195
212386
212391
212415
212593
212594
212673
212695
212849
212852
212862
212873
212887
212975
213003
213014
213252
213277
213279
213421
213495
213557
213598
213614
213811
213851
213920
214020
214178
214191
214250
214263
214351
214391
214485
214589
214633
214713
214721
214727
214985
215124
215494
215747
215825
215853
215922
215943
215952
216005
216009
216036
216082
216132
216206
216246
216425
216767
216873
216982
217135
217353
217397
217496
217628
217932
217935
217940
217963
218071
218284
218514
218533
218584
218604
218822
218878
219002
219006
219233
219255
219407
219513
220073
220075
220363
220476
220575
220646
220666
220693
220815
220920
221012
221146
221373
221492
221654
221682
221860
221884
221960
222058
222271
222404
222445
222467
222498
222623
222731
222803
222844
222845
222931
222988
223222
223337
223385
223519
223555
223648
223702
223811
223831
223842
223874
224075
224294
224442
224445
224659
224776
224826
225107
225202
225535
225615
225794
225824
225922
226044
226167
226185
226238
226239
226302
226365
226454
226457
226482
226578
226594
226718
226952
227175
227233
227235
227488
227601
227765
227779
227886
227976
227990
228080
228084
228202
228206
228327
228380
228508
228656
228690
228707
228831
228855
228880
228920
229231
229275
229298
229561
229828
229862
229960
229962
230145
230221
230307
230352
230391
230467
230504
230709
230784
230922
230957
230999
231061
231095
231178
231301
231481
231567
231571
231591
231736
231750
232017
232057
232132
232331
232568
232705
232710
232772
232842
232851
232876
232877
232949
233421
233453
233523
233595
233639
233642
233676
233716
233721
233786
233956
234006
234009
234164
234194
234218
234392
234422
234430
234443
234643
234792
234826
234864
234982
235000
235163
235179
235413
235463
235590
235708
235712
235720
235756
235892
235893
235897
235997
236013
236144
236206
236458
236655
236968
237031
237146
237153
237271
237297
237377
237408
237507
237545
237666
237753
237824
238137
238245
238275
238418
238503
238619
238654
238707
238760
238819
239000
239054
239228
239232
239494
239513
239543
239588
239716
239946
239998
240021
240114
240124
240284
240336
240353
240551
240643
240795
240930
240948
241031
241044
241154
241155
241240
241340
241346
241807
241814
241965
241997
242021
242022
242216
242228
242323
242325
242355
242449
242580
242656
242664
242704
242749
242789
242831
242847
242936
242980
243116
243135
243260
243391
243401
243588
243691
243918
243967
243999
244030
244087
244309
244391
244490
244495
244513
244566
244593
244668
244702
244710
244747
244795
245021
245089
245208
245236
245347
245357
245435
245541
245625
245643
245670
245769
245844
246046
246154
246300
246489
246495
246635
246711
246723
246744
246761
246861
246983
246990
247070
247144
247290
247352
247365
247497
247551
247605
247957
247984
248056
248670
248992
249160
249227
249261
249430
249470
249579
249706
249724
249837
249857
249901
249902
249942
249964
250129
250210
250406
250452
250510
250631
250784
250840
250862
250916
251066
251319
251355
251492
251534
251662
251714
251834
251964
252181
252188
252203
252392
252429
252436
252511
252588
252671
252744
253078
253081
253224
253228
253573
253576
254037
254114
254205
254294
254355
254603
254651
254949
254996
255085
255143
255263
255510
255613
255646
255738
255742
255912
255963
256018
256065
256253
256407
256464
256473
256597
256628
256727
256959
257019
257098
257346
257371
257395
257407
257452
257564
257572
257575
257598
257735
258069
258196
258560
258780
258867
259032
259053
259178
259437
259785
259822
260143
260145
260373
260508
260543
260673
260720
260737
260901
260953
260958
260972
260990
261095
261216
261226
261232
261240
261373
261497
261522
261530
261915
262005
262116
262188
262223
262361
262490
262499
262547
262706
262763
262778
262898
263024
263088
263217
263458
263516
263520
263597
263699
263703
263813
263885
264140
264159
264163
264181
264313
264361
264507
264528
264618
264752
264825
265160
265162
265206
265220
265271
265415
265436
265656
265704
265847
265854
266035
266082
266395
266465
266493
266592
266683
266686
266846
266897
266974
267003
267037
267414
267463
267555
267650
267664
267753
267768
267844
267977
268019
268045
268090
268106
268271
268287
268359
268405
268514
268543
268590
269001
269166
269238
269366
269492
269498
269565
269597
269767
269875
270225
270246
270335
270525
270539
270870
270988
271002
271081
271173
271354
271370
271591
271810
271892
271895
271986
272076
272137
272330
272496
272598
272616
272762
272968
272994
273025
273229
273434
273451
273462
273535
273568
273632
273830
274073
274224
274293
274417
274531
274633
274739
274742
274850
274870
274892
274894
275127
275504
275522
275604
275665
275740
275833
275954
276092
276112
276246
276404
276492
276567
276607
276743
276833
277139
277148
277178
277262
277322
277427
277430
277691
277749
277845
277913
277956
278083
278095
278097
278153
278177
278190
278204
278455
278481
278547
278630
278984
279113
279140
279151
279171
279329
279382
279585
279636
279687
279690
279700
279899
280349
280366
280420
280498
280883
280958
280970
281047
281187
281213
281406
281479
281534
281682
281726
281779
281899
281979
282118
282203
282257
282389
282394
282496
282541
282636
282933
283103
283236
283641
283683
283720
283768
283920
283983
284056
284190
284222
284257
284269
284295
284353
284785
284827
285254
285276
285353
285494
285616
285682
285815
285922
285987
286032
286097
286110
286268
286518
286591
286665
286746
286765
286905
286936
287146
287243
287516
287793
287997
288130
288338
288382
288392
288514
288900
289131
289165
289200
289295
289368
289380
289485
289794
289964
290131
290161
290178
290523
290537
290550
290584
290650
290660
290663
290672
290695
290774
291204
291442
291560
291634
291650
291787
292089
292227
292284
292329
292940
293282
293427
293448
293526
293718
293807
293839
293857
294002
294084
294193
294250
294362
294410
294470
294483
294492
294522
294641
294678
294682
294774
294836
294857
294958
295207
295214
295398
295559
295691
295736
295828
295964
296089
296254
296295
296309
296322
296417
296454
296616
296628
296714
296722
296737
296747
296861
296905
296995
297042
297172
297174
297227
297433
297487
297593
298025
298115
298341
298397
298423
298662
298775
298860
298935
299096
299184
299322
299324
299394
299515
299796
299801
300119
300140
300432
300461
300789
300903
301003
301171
301219
301321
301397
301436
301458
301484
301491
301520
301580
301875
302004
302047
302149
302200
302397
302436
302471
302556
302926
303035
303092
303102
303116
303161
303222
303315
303635
303646
303787
304358
304399
304509
304545
304555
304742
304758
304863
304882
305132
305147
305153
305327
305351
305399
305434
305504
305638
305639
305753
305867
305868
305879
305972
305974
306028
306073
306155
306229
306427
306481
306630
306637
306644
306709
306778
306843
307082
307156
307279
307300
307390
307607
307657
307664
307703
307741
307825
307942
308017
308188
308273
308312
308316
308931
309013
309207
309308
309349
309352
309496
309605
309696
309927
310022
310132
310263
310447
310530
310620
310898
311160
311356
311374
311437
311633
311808
311816
312002
312016
312021
312239
312357
312764
312899
312978
313001
313033
313234
313393
313432
313484
313558
313909
313943
314432
314572
314611
314687
314836
314837
314892
314918
314928
314956
315041
315121
315297
315452
315511
315895
315932
315973
316324
316461
316517
316518
316653
316770
316782
317165
317199
317213
317426
317589
317744
317865
318182
318227
318339
318497
318620
318671
318816
318840
319086
319347
319360
319599
319927
319968
319992
320136
320191
320211
320320
320323
320368
320525
320541
320612
320880
321014
321236
321331
321413
321426
321440
321488
321537
321597
321634
321710
321769
321786
321809
321816
322012
322021
322298
322305
322346
322461
322542
322786
322923
323032
323214
323249
323349
323426
323464
323494
323656
323843
323909
323923
323988
324050
324100
324112
324156
324216
324279
324281
324557
324598
324690
324742
324790
324814
324979
325090
325107
325305
326223
326306
326369
326432
326726
326783
326866
326929
326988
327014
327023
327027
327193
327209
327228
327235
327368
327393
327455
327492
327555
327560
327596
327605
327641
327962
328201
328220
328268
328306
328499
328528
328730
328803
328958
329011
329170
329192
329321
329434
329642
329725
329752
329767
329916
330056
330071
330307
330396
330831
330903
330935
331030
331068
331079
331090
331099
331200
331380
331494
331656
331681
331786
331793
331799
331832
331901
331903
331915
332537
332677
332735
332970
333114
333117
333130
333189
333317
333598
333606
333609
333723
333753
334016
334120
334130
334163
334252
334253
334330
334349
334570
334640
334664
334686
334737
334847
334889
334978
335058
335227
335375
335510
335576
335712
335724
335974
336035
336160
336203
336282
336298
336388
336405
336437
336489
336597
336677
336703
336840
336904
337024
337249
337387
337419
337491
337780
337893
338023
338118
338194
338249
338258
338291
338364
338517
338596
338731
338791
339056
339058
339094
339145
339203
339267
339387
339432
339568
339619
339626
339628
339801
339955
339963
340235
340345
340533
340692
340703
340755
340758
340765
340858
340989
341026
341060
341412
341441
341451
341460
341628
341736
341762
341792
341872
341875
341951
341993
342097
342252
342298
342346
342359
342507
342557
342576
342615
342674
342732
342734
342743
343039
343158
343170
343323
343544
343590
343859
343982
344097
344409
344513
344552
344558
344611
344614
345011
345059
345171
345239
345322
345419
345427
345468
345495
345743
345786
345939
346000
346029
346092
346122
346150
346162
346227
346381
346396
346419
346574
346592
346817
346819
346824
346839
346961
346998
347033
347045
347046
347124
347282
347463
347530
347662
347742
347856
347934
347947
348010
348289
348390
348459
348685
348858
348944
349004
349195
349220
349235
349291
349369
349414
349499
349670
349711
349813
349968
349970
350010
350141
350178
350211
350393
350582
350661
350747
350794
350814
350918
351033
351092
351169
351249
351255
351334
351359
351415
351562
351621
351656
351777
351801
351820
351982
352026
352163
352396
352435
352454
352556
352709
352740
352752
352784
352787
352880
352952
353001
353054
353061
353299
353351
353499
353655
353741
353844
353849
353913
353940
353947
353960
354317
354323
354722
354875
354914
354926
354977
355001
355016
355090
355103
355160
355381
355392
355472
355512
355690
355798
355837
355841
356272
356352
356630
356692
357255
357274
357339
357431
357613
357635
357785
357949
357992
358032
358137
358223
358420
358534
358537
358642
358669
358855
358949
358966
358997
359102
359112
359157
359158
359178
359268
359363
359533
359547
359717
359749
359874
359971
360076
360085
360286
360483
360623
360641
360653
360661
360793
360913
361001
361133
361156
361265
361370
361384
361409
361486
361502
361619
361684
361759
361951
362131
362145
362192
362439
362446
362688
362778
362925
362987
363163
363171
363245
363289
363293
363526
363786
364119
364189
364219
364256
364261
364406
364473
364531
364534
364661
365014
365184
365281
365571
365586
365629
365811
366023
366276
366285
366293
366419
366607
366651
366723
366797
367001
367020
367188
367198
367207
367293
367312
367563
367688
367696
367719
367803
367809
367977
368048
368049
368259
368270
368544
368749
368775
368904
369035
369060
369300
369335
369349
369357
369546
369608
369609
369631
369726
369755
369862
369946
369951
369982
369984
370161
370250
370290
370348
370495
370499
370529
370695
370810
370875
370877
370892
370927
370931
370935
371363
371428
371456
371463
371584
371599
371663
371668
371858
371872
372214
372243
372392
372480
372512
372519
372571
372721
372846
373136
373188
373420
373638
373791
373848
373900
373934
374087
374097
374168
374333
374634
374664
374761
374782
374786
374866
375059
375091
375105
375341
375367
375632
375652
375732
375809
375843
375868
376074
376103
376402
376436
376528
376657
376676
376719
376721
376776
376830
376858
376902
376957
376976
377070
377194
377209
377306
377362
377393
377413
377544
377655
377662
377884
377890
377926
377964
378281
378624
378765
378788
378835
378881
378910
378912
378923
379014
379177
379208
379324
379334
379642
379663
380127
380487
380773
380795
380828
380871
381081
381089
381092
381114
381160
381327
381487
381496
381516
381549
381565
381571
381677
381755
381994
382131
382308
382382
382465
382493
383314
383315
383371
383496
383940
383947
384161
384278
384303
384330
384335
384410
384628
384696
384702
384952
385232
385312
385323
385354
385357
385428
385434
385470
385592
385602
385657
385710
385720
385857
386283
386329
386437
386582
386695
386833
386895
387004
387263
387290
387380
387412
387479
387545
387785
387833
387975
388316
388339
388392
388567
388596
388649
388812
388919
389007
389083
389141
389155
389305
389365
389539
389576
389580
389632
389642
389786
390043
390160
390297
390351
390606
390811
390978
391270
391381
391443
391631
391751
391771
391833
391886
392204
392232
392370
392541
392567
392575
392647
392696
392849
392863
393044
393096
393154
393232
393273
393295
393324
393356
393513
393534
393603
393663
393757
393882
393901
393934
393997
394229
394453
394497
394514
395040
395047
395048
395081
395091
395130
395218
395302
395388
395456
395490
395591
395736
395863
395930
395971
396041
396058
396133
396145
396198
396420
396485
396578
396674
396723
396786
396796
396941
397016
397061
397113
397153
397479
397496
397610
397630
397632
397884
398075
398204
398375
398410
398511
398562
398572
398874
398910
399029
399065
399101
399237
399390
399429
399461
399490
399558
399654
399743
399754
399771
400007
400016
400089
400153
400211
400374
400455
400466
400522
400646
400756
400772
400853
400946
401089
401165
401253
401369
401461
401615
401616
401651
401743
401953
402136
402152
402365
402380
402459
402793
402995
403252
403296
403358
403376
403397
403919
404003
404383
404405
404427
404616
404668
404755
405093
405122
405379
405412
405529
405599
405677
405777
405833
405963
406031
406081
406120
406154
406163
406248
406369
406551
406652
406971
406976
407037
407091
407184
407671
407701
407835
407900
407928
407937
408021
408087
408206
408214
408402
408450
408595
408724
408753
409138
409264
409487
409668
409823
409877
409954
409975
410021
410071
410078
410087
410103
410155
410307
410510
410792
410850
410887
411077
411097
411282
411366
411410
411500
411675
411710
411733
412013
412062
412374
412392
412429
412464
412592
412620
412728
412747
412861
413059
413130
413163
413263
413425
413496
413533
413576
413589
413651
413668
413691
413799
413888
413922
414090
414128
414154
414369
414582
414622
414640
414694
414752
414783
414833
414955
414965
415050
415184
415495
415721
415786
415844
416039
416116
416213
416219
416399
416412
416414
416768
416944
417547
417629
417739
417836
417977
418029
418054
418193
418227
418329
418356
418378
418422
418525
418597
418669
418902
418917
418944
419092
419098
419150
419183
419210
419215
419243
419426
419436
419445
419716
419743
419957
419976
419992
420117
420156
420329
420332
420365
420439
420485
420651
420658
420938
420994
421009
421094
421150
421281
421303
421643
421814
421979
422061
422169
422248
422391
422422
422433
422476
422618
422862
422895
423050
423192
423193
423252
423321
423352
423666
423939
423967
424084
424158
424181
424298
424307
424318
424354
424386
424432
424743
424793
425021
425047
425115
425119
425334
425347
425388
425450
425539
425639
425679
425716
425774
425802
425860
426076
426141
426368
426527
426584
426641
426910
426941
427125
427160
427257
427328
427363
427648
427710
427764
427843
427911
427984
428055
428167
428177
428290
428509
428803
429110
429225
429284
429336
429361
429399
429453
429473
429513
429562
429758
429876
429903
429945
429976
430376
430377
430395
430545
430559
430615
430710
430786
430838
430857
430949
431140
431334
431545
431546
431617
431668
431726
431728
431749
432014
432313
432336
432405
432646
432774
433042
433122
433201
433234
433273
433333
433356
433375
433521
433810
433980
434164
434377
434401
434838
434872
434977
434980
435034
435044
435079
435230
435236
435408
435410
435655
435718
435764
435955
435979
436354
436634
436739
437093
437258
437539
437556
437558
437808
437842
437876
437919
437970
438052
438124
438285
438337
438475
438581
438689
438696
438787
438936
438994
439149
439163
439172
439280
439319
439342
439346
439567
439676
439732
439774
439807
440372
440576
440730
440939
440958
440987
441025
441039
441081
441276
441404
441600
441726
441902
441995
442002
442081
442107
442178
442179
442180
442436
442446
442505
442514
442524
442589
442595
442606
442826
442854
443117
443127
443190
443441
443654
443711
443750
443906
443920
443952
443987
443993
444082
444126
444228
444320
444365
444468
444474
444604
444655
444823
445008
445106
445135
445218
445295
445335
445398
445771
445885
445905
446058
446076
446290
446295
446631
446668
446714
446849
446860
446938
447121
447142
447194
447290
447545
447547
447558
447674
447687
447715
447829
447841
447979
448001
448058
448319
448323
448358
448432
448467
448501
448542
448604
448676
448680
448844
448986
449182
449266
449314
449445
449451
449641
449692
449765
449872
450254
450341
450438
450513
450551
450655
450702
450879
450909
450923
451053
451063
451230
451253
451574
451637
451639
452011
452019
452045
452289
452346
452511
452562
452574
452773
452914
452983
453016
453187
453191
453354
453423
453547
453861
453895
453910
453939
453965
454071
454104
454119
454128
454201
454233
454400
454471
454494
454561
454923
455082
455389
455454
455596
455622
455749
455761
455823
455888
455997
456028
456291
456315
456573
456743
457005
457264
457286
457326
457417
457443
457482
458038
458073
458078
458113
458144
458269
458472
458682
458783
458873
458929
459023
459068
459122
459204
459254
459418
459520
459633
459821
459973
460117
460182
460261
460392
460404
460575
460591
460711
460748
461034
461038
461078
461135
461136
461250
461558
461603
461711
461942
462057
462092
462241
462608
462765
462838
462860
462867
462893
462956
462965
463619
463652
463723
463965
463978
464024
464214
464431
464447
464472
464684
464759
464762
464886
464998
465019
465106
465300
465352
465356
465464
465530
466010
466289
466654
466696
466778
466955
467085
467228
467322
467382
467537
467555
467560
467565
467619
467816
467846
467879
467928
467941
468003
468104
468139
468177
468255
468340
468383
468389
468519
468590
468631
468677
468945
469034
469092
469144
469340
469454
469488
469511
469533
469770
469818
469826
469915
469936
470134
470252
470323
470491
470731
470786
471180
471219
471306
471341
471394
471397
471629
471679
471831
471912
471977
472125
472188
472302
472612
472625
472631
472673
472696
472811
472888
472950
472969
473054
473082
473531
473616
473627
473644
473820
474013
474140
474188
474243
474324
474591
474651
474716
474750
474863
475054
475200
475255
475268
475311
475405
475415
475500
475531
475633
475920
475996
476280
476377
476565
476662
476893
477201
477206
477211
477584
477681
477696
477731
477797
477886
478090
478110
478190
478222
478227
478236
478403
478426
478581
478677
478876
478974
479086
479093
479236
479268
479538
479591
479792
479805
479820
480413
480437
480479
480613
480619
480648
480978
480998
481174
481311
481403
481728
481797
481960
482049
482197
482220
482384
482444
482532
482685
482712
482857
482861
483037
483074
483203
483239
483582
483611
483657
483804
484026
484063
484109
484166
484168
484245
484307
484445
484485
484514
484525
484565
484574
484613
484771
484908
484917
485010
485033
485137
485248
485371
485678
485899
485982
486045
486118
486195
486273
486276
486316
486351
486392
486552
486597
486602
486745
486987
487007
487032
487093
487111
487164
487168
487196
487345
487419
487600
487648
487777
487838
487884
488069
488119
488265
488379
488410
488446
488524
488683
488852
488913
488976
489030
489362
489460
489508
489541
489544
489606
489644
489808
490107
490133
490241
490314
490344
490386
490433
490477
490599
490745
490791
490847
490849
490868
491033
491061
491106
491172
491319
491600
491717
491744
491761
491862
492292
492489
492542
492575
492602
492622
492781
492937
493064
493154
493296
493373
493397
493436
493517
493525
493549
493819
493838
494057
494149
494151
494213
494316
494318
494453
494708
494827
494965
494971
495051
495085
495191
495412
495702
495720
495840
495857
495952
495962
496000
496051
496247
496302
496312
496338
496384
496473
496504
496608
496622
496763
496802
496886
496912
497192
497244
497453
497555
497622
497701
497819
497992
498086
498121
498125
498178
498227
498261
498375
498386
498488
498519
498570
498780
498799
498828
498968
499053
499154
499167
499759
499766
499847
499850
499925
500065
500204
500245
500336
500360
500472
500575
500579
500610
500753
500783
500793
500995
501016
501311
501589
501973
502141
502299
502345
502415
502778
502981
503098
503298
503328
503415
503466
503586
503944
504192
504217
504352
504383
504395
504400
504494
504533
504644
504783
505233
505484
505577
505665
505693
505820
505870
506001
506188
506281
506650
506805
506832
506871
507048
507121
507129
507162
507187
507363
507372
507387
507401
507444
507455
507488
507532
507718
508109
508114
508255
508259
508272
508654
508819
508976
509007
509079
509139
509151
509196
509287
509428
509475
509504
509542
509566
509580
509869
509888
509893
510157
510442
510479
510529
510562
510674
510739
510786
510958
510970
511136
511482
511780
512062
512111
512286
512497
512556
512559
512596
512667
512672
512757
512887
512912
512971
513046
513108
513113
513127
513365
513369
513424
513428
513578
513732
513937
514085
514286
514288
514383
514488
514702
514905
514978
515033
515044
515121
515238
515359
515475
515490
515571
515808
515974
516312
516429
516439
516495
516637
516728
516746
516901
517388
517533
517558
517562
517666
517699
517731
517829
518117
518141
518173
518240
518345
518446
518616
518645
518653
518750
518778
518856
518874
518906
519085
519271
519530
519538
519552
519567
519688
519828
519899
519925
519992
520076
520239
520263
520366
520559
520603
520926
521110
521148
521166
521173
521462
521537
521639
521715
521723
521852
522166
522337
522380
522546
522701
522770
522775
522876
523009
523339
523640
523697
523742
523835
523994
524055
524070
524133
524159
524209
524215
524262
524846
524893
525099
525185
525297
525419
525434
525655
525781
525880
526478
526773
526864
526972
527011
527142
527188
527293
527502
527670
527682
527838
527873
528046
528094
528145
528152
528321
528363
528454
528886
528920
529007
529052
529147
529186
529326
529463
529761
530072
530143
530150
530301
530323
530355
530785
530807
530832
530941
531006
531039
531098
531210
531227
531373
531377
531469
531571
531595
531694
531745
531819
531945
531990
532034
532046
532260
532280
532691
532799
532922
533014
533054
533179
533207
533278
533326
533425
533436
533684
533797
533844
533919
533942
534056
534427
534817
534943
535208
535220
535285
535297
535303
535312
535374
535527
535601
535669
535707
535747
535818
535910
535912
536029
536118
536163
536180
536378
536473
536474
536500
536541
536569
536582
536640
536684
536730
536786
536941
537089
537141
537146
537176
537228
537239
537350
537606
537880
537933
538044
538210
538221
538437
538662
538871
538890
539303
539482
539789
539841
539946
539985
540033
540203
540212
540315
540603
540622
540691
540718
540763
540798
540826
540937
540984
541159
541186
541204
541387
541395
541437
541548
541607
541717
541779
542129
542209
542211
542307
542392
542511
542755
542847
543128
543172
543174
543289
543388
543613
543632
543875
543977
544018
544057
544086
544175
544223
544273
544289
544415
544425
544552
544689
544835
544842
545042
545199
545272
545514
545687
545725
545753
545764
546194
546317
546320
546457
546554
546694
546696
546973
546994
547227
547241
547278
547291
547310
547471
547531
547576
547584
547602
547640
547801
547935
548073
548099
548220
548249
548284
548319
548381
548548
548554
548595
548767
549013
549036
549050
549388
549640
549693
549807
549830
550210
550244
550331
550463
550653
550687
550736
550807
550955
550956
551022
551107
551272
551350
551354
551397
551409
551467
551677
551882
552071
552164
552514
552683
552690
552825
552905
552945
552948
553046
553075
553084
553112
553202
553255
553374
553431
553622
553689
553811
553823
553831
553974
553991
554104
554178
554200
554264
554271
554434
554475
554643
554664
554696
554723
554806
554832
554844
554856
555155
555257
555276
555283
555325
555472
555748
555879
555937
555944
555985
556089
556186
556426
556553
556589
556658
556665
556737
557007
557047
557101
557129
557158
557238
557299
557529
557654
557672
557786
557892
558011
558097
558103
558108
558158
558209
558254
558284
558303
558457
558511
558787
558923
558925
559277
559301
559312
559574
559601
559605
559665
559672
559703
559759
559895
560101
560138
560298
560374
560782
560884
560943
560951
561021
561183
561282
561332
561421
561467
561502
561672
561760
561764
561768
561827
561886
561958
562197
562223
562225
562230
562497
562511
562552
562560
562585
562617
562737
562828
563193
563459
563615
563619
563739
563761
563769
563852
564064
564080
564104
564165
564213
564214
564242
564322
564354
564479
564490
564535
564846
564879
564993
565009
565074
565152
565263
565435
565652
565791
566025
566129
566236
566367
566393
566594
566835
566874
566910
566944
567140
567261
567272
567279
567435
567536
567582
567637
567794
568075
568111
568141
568150
568157
568398
568420
568718
568838
569051
569175
569382
569443
569506
569518
569613
569729
569777
569846
569859
569901
569903
569904
569948
569963
569974
570266
570289
570303
570467
570530
570613
570722
570927
570960
570969
570978
571136
571176
571267
571330
571429
571576
571637
571810
571847
572015
572064
572125
572140
572198
572301
572512
572544
572590
572612
572741
572767
572856
572887
572942
572969
573021
573075
573298
573453
573566
573568
573743
573914
573934
573990
574000
574022
574024
574118
574133
574163
574655
574774
575089
575109
575147
575153
575164
575825
575846
575869
575876
575899
576114
576201
576353
576391
576421
576460
576482
576672
576723
577054
577082
577143
577312
577410
577558
577636
577735
578403
578414
578424
578464
578545
578555
578625
578807
578876
578907
579032
579139
579264
579376
579459
579842
580046
580200
580202
580431
580674
580686
580754
580828
581008
581299
581300
581302
581488
581793
581916
581928
581963
581969
582113
582197
582298
582324
582337
582408
582690
582778
582944
582965
582999
583101
583109
583356
583575
583768
583870
583931
583938
584074
584136
584139
584365
584508
584583
584666
584704
584727
584735
585269
585286
585362
585369
585464
585508
585540
585997
586254
586401
586419
586431
586479
586492
586699
586725
586775
586801
587324
587432
587537
587627
587634
587850
587988
588047
588289
588472
588718
588821
588915
589007
589039
589087
589141
589248
589325
589340
589438
589511
589631
589645
589661
589666
590191
590198
590244
590301
590357
590463
590691
591006
591049
591118
591276
591308
591727
591778
591852
592061
592277
592391
592395
592437
592445
592492
592501
592528
592609
592662
592715
592812
592856
592948
592992
593090
593278
593346
593405
593423
593491
593574
593659
593695
593863
594033
594082
594183
594204
594482
594595
594720
594787
594887
594938
594969
595070
595116
595158
595198
595249
595264
595404
595442
595603
595643
595708
595768
595781
595790
595902
595960
596017
596343
596422
596604
596633
596643
596646
596835
596981
597039
597150
597286
597295
597296
597380
597454
597459
597652
597778
597819
597821
597985
598053
598135
598171
598206
598305
598308
598316
598382
598473
598626
598669
598673
598825
598881
598933
599119
599212
599428
599439
599572
599602
599758
600115
600450
600550
600580
600629
600632
600670
600675
600739
600793
600839
601097
601110
601278
601368
601427
601456
601483
601540
601667
601938
602079
602099
602128
602143
602248
602306
602377
602536
602539
602541
602616
602622
602660
602736
603130
603613
603654
603814
603853
603931
604124
604128
604239
604249
604302
604317
604326
604399
604584
604791
604960
604966
605110
605159
605217
605287
605344
605413
605419
605521
605881
606095
606148
606271
606284
606331
606378
606512
606513
606764
606914
606922
607007
607063
607091
607169
607173
607221
607271
607582
607996
608118
608263
608356
608359
608555
608566
608671
608686
608766
608838
608854
608902
608958
609024
609056
609335
609377
609597
609682
609687
609690
609792
609926
609936
609963
610143
610326
610347
610523
610531
610572
610584
610594
610636
610743
610794
611060
611158
611289
611343
611495
611595
611702
611784
611915
611922
612135
612180
612203
612219
612271
612343
612536
612566
612624
612684
612700
612749
612881
612904
613046
613176
613188
613220
613268
613538
613573
613590
613670
613710
613751
613815
613911
613957
614075
614220
614411
614498
614623
614686
614936
615002
615040
615047
615161
615411
615532
615565
615648
615798
615932
615946
615954
615994
616097
616230
616286
616357
616391
616417
616442
616698
616734
616781
616902
616912
616952
616981
617205
617218
617272
617283
617317
617360
617391
617397
617401
617433
617456
617551
617564
617639
617817
617949
617951
617966
617988
618098
618439
618467
618512
618541
618689
618785
618816
618953
619097
619108
619210
619224
619608
619698
619701
619724
619755
619766
620059
620150
620374
620471
620498
620585
620586
620691
620908
621124
621151
621269
621273
621323
621331
621386
621574
621618
621661
621687
621730
621868
621874
621877
621908
621941
621956
622142
622276
622296
622508
622545
622653
622727
622858
623337
623345
623408
623541
623660
623717
623737
623940
624010
624082
624226
624506
624512
624534
624539
624633
624825
624849
624922
624994
625002
625065
625091
625228
625268
625458
625496
625543
625819
626026
626041
626087
626296
626417
626540
626545
627037
627058
627091
627149
627250
627278
627377
627465
627653
627684
627791
627844
627953
628054
628069
628135
628208
628246
628271
628372
628409
628663
628703
628755
628856
628911
629051
629199
629207
629326
629407
629507
629527
629548
629615
629888
629891
629951
630099
630102
630505
630868
630874
630945
631183
631789
631887
631934
632033
632138
632418
632622
632708
632746
632803
632876
633001
633021
633192
633197
633222
633223
633261
633301
633464
633638
633709
633727
633805
634045
634309
634383
634411
634470
634510
634653
634820
634862
634916
635054
635056
635325
635332
635345
635349
635455
635493
635598
635750
635754
635824
635874
635896
636032
636047
636156
636168
636169
636199
636782
637036
637039
637093
637168
637238
637636
637733
637770
637913
637921
637986
638100
638127
638263
638328
638554
638564
638634
638833
639022
639047
639076
639215
639354
639378
639407
639533
639605
639762
639885
640064
640137
640258
640428
640490
640534
640693
640779
641261
641368
641382
641541
641707
641713
641913
641935
641977
642046
642074
642104
642153
642156
642396
642445
642681
642748
642917
642997
643021
643202
643258
643307
643319
643530
643595
643652
643756
643776
643799
643966
644080
644157
644252
644364
644711
644747
644855
644899
645026
645345
645363
645459
645588
645673
645704
645899
645901
645917
646041
646042
646201
646351
646384
646463
646668
646685
646810
646910
646922
646971
646983
647028
647050
647216
647225
647471
647567
647689
647729
647858
647902
647908
648120
648308
648653
648859
649099
649151
649350
649365
649367
649389
649503
649647
649751
649756
649801
649997
650126
650156
650190
650242
650343
650571
650799
650862
650868
650890
650915
650948
650995
651028
651140
651153
651431
651680
651695
651915
652057
652098
652376
652490
652515
652586
652593
652651
652745
652842
653140
653151
653200
653223
653471
653536
653676
653736
653888
654071
654077
654191
654231
654314
654320
654454
654576
654756
654768
655073
655398
655428
655553
655605
655607
655799
655966
656061
656158
656159
656184
656371
656487
656664
657152
657164
657563
657680
657756
657760
658005
658133
658149
658284
658409
658415
658443
658678
658805
658949
658964
659035
659173
659223
659248
659385
659415
659726
659775
659912
660032
660228
660239
660269
660278
660420
660453
660457
660475
660531
660538
660543
660668
660751
661133
661345
661458
661487
661511
661566
661584
661728
661804
661819
661901
661903
661987
662009
662192
662422
662443
662510
662512
662760
662787
662965
663002
663262
663349
663401
663826
663830
663861
663904
663949
664006
664014
664058
664133
664266
664347
664526
664619
664663
664756
665110
665189
665254
665613
665799
665839
665871
666191
666294
666304
666512
666552
666595
667063
667451
667563
667601
667738
667887
667917
667949
667957
667996
668051
668244
668253
668352
668382
668500
668610
668659
668822
668911
669221
669344
669380
669720
669779
669967
670064
670150
670207
670259
670267
670446
670598
670690
670744
670768
670813
670816
670975
670979
671058
671108
671139
671223
671458
671556
671747
671823
671893
672019
672020
672061
672663
672709
672896
672925
672948
672978
673024
673081
673092
673174
673304
673765
673931
674061
674146
674186
674520
674644
674741
674770
674867
675062
675107
675336
675392
675573
675998
676003
676022
676075
676110
676196
676653
676689
676932
677161
677280
677404
677428
677489
677535
677571
677656
677670
677730
677744
677807
677920
677931
677955
677977
678006
678138
678262
678294
678505
678564
678719
679147
679182
679186
679190
679227
679253
679458
679535
679586
679591
679621
679784
679990
680033
680432
680462
680509
680670
680814
681167
681214
681312
681402
681416
681527
681659
681704
681803
681965
681995
682012
682055
682194
682196
682412
682600
682635
682953
683114
683292
683397
683569
683646
683826
683842
683920
684083
684186
684257
684268
684312
684545
684608
684616
684632
684642
684650
684653
684666
684808
684832
684901
685432
685570
685610
685803
685809
686062
686081
686182
686236
686262
686306
686347
686433
686437
686477
686531
686563
686644
686683
686699
686711
686720
686905
686911
687051
687166
687381
687519
687629
687667
687850
687999
688085
688139
688210
688356
688408
688516
688565
688717
688897
688919
688964
689015
689319
689328
689569
689662
689695
689868
689932
689947
689969
690036
690066
690175
690420
690450
690613
690661
690795
691171
691323
691366
691381
691540
691613
692006
692246
692490
692665
693058
693077
693094
693407
693537
693591
693770
693784
693846
693855
694045
694081
694484
694705
694865
694888
694915
694927
694995
695262
695308
695356
695376
695379
695397
695734
695804
695846
696223
696263
696310
696417
696433
696447
696678
696691
696884
696894
696943
696946
697058
697089
697150
697196
697199
697279
697632
697709
697744
697838
697871
697899
697946
698046
698059
698354
698751
698881
699059
699149
699198
699255
699458
699568
699575
699740
699750
699998
700337
700517
700533
700636
700684
700737
700860
701082
701111
701257
701280
701287
701303
701313
701326
701480
701486
701536
701670
701954
702109
702182
702201
702459
702480
702498
702588
702655
702769
702868
702945
702990
703061
703434
703757
703825
703944
704041
704089
704101
704123
704213
704231
704286
704300
704362
704585
704620
704667
704780
704965
705036
705059
705342
705412
705437
705632
705641
705756
705778
705801
705863
705906
706047
706057
706064
706259
706460
706517
706859
707015
707302
707320
707744
707851
707943
707951
707966
708054
708106
708499
708738
708791
708821
708886
708918
709052
709107
709225
709323
709335
709375
709382
709385
709864
709967
710008
710088
710123
710372
710417
710674
710884
710975
711144
711575
711611
711623
711647
711812
711913
711958
712010
712014
712024
712129
712159
712302
712321
712566
712703
713036
713332
713362
713502
713743
713861
713992
713996
714084
714211
714400
714671
714716
714826
714890
714944
715246
715290
715402
715417
715429
715590
715617
715772
715899
715962
716452
716529
716567
716675
716770
716777
716797
716937
716964
717115
717219
717334
717413
717550
717610
717666
717775
717798
717822
717921
718082
718266
718301
718335
718380
718425
718589
718614
718706
718707
718771
718886
718931
719031
719042
719259
719296
719362
719375
719431
719532
719543
719787
719819
719955
720081
720247
720269
720448
720512
720528
720968
721280
721296
721418
721490
721522
721609
721654
721725
721823
721842
721956
721960
722137
722173
722178
722532
722847
722885
723045
723058
723220
723363
723441
723570
723674
723784
723787
723855
723978
724331
724350
724360
724381
724411
724419
724421
724484
724491
724625
724656
724704
724718
724783
724896
725090
725227
725291
725295
725390
725467
725497
725507
725526
725582
725818
725892
726038
726146
726147
726190
726301
726323
726709
726722
726769
726789
726860
726882
726958
727655
727666
727689
727867
727965
728018
728101
728108
728275
728560
728932
728933
728977
729077
729165
729657
729664
729862
729888
729906
729983
730204
730251
730261
730319
730330
730345
730349
730369
730664
730849
730930
731009
731129
731156
731208
731258
731295
731370
731380
731528
731539
731619
731655
731827
731846
732075
732156
732182
732299
732347
732407
732453
732455
732718
732927
732982
733021
733246
733368
733382
733394
733418
733550
733581
733901
733904
734089
734154
734181
734194
734195
734218
734243
734576
734635
734777
734841
734859
734899
734928
734991
735128
735184
735197
735332
735394
735459
735581
735610
735798
735880
735997
736123
736157
736289
736505
736615
736737
736974
737192
737239
737479
737890
737913
738142
738357
738578
738588
738714
738784
738960
739099
739127
739199
739237
739292
739324
739334
739516
739602
739619
739711
739811
739816
739929
740034
740241
740247
740366
740445
740595
740867
740923
740979
741072
741074
741083
741090
741097
741137
741272
741427
741621
741706
741925
742123
742196
742257
742327
742534
742604
742679
742825
742879
742922
742944
743050
743160
743192
743762
743977
744089
744096
744165
744296
744468
744471
744688
744828
744879
744907
745105
745178
745204
745615
745725
745787
745948
746154
746249
746253
746318
746385
746420
746551
746621
746810
746913
747026
747162
747393
747413
747641
747990
748061
748064
748546
748588
748677
748848
749008
749012
749098
749119
749287
749361
749426
749515
749638
749680
749745
749888
750331
750345
750394
750543
750694
750767
750804
750992
751217
751233
751259
751329
751344
751438
751548
751622
752079
752165
752301
752414
752500
752559
752583
752790
752854
752887
753068
753369
753585
753927
753938
753970
754271
754347
754556
754642
754683
754810
755440
755441
755491
755557
755647
755652
756054
756243
756313
756380
756389
756577
756641
756643
756674
756778
756789
756809
756879
756882
756884
756888
757097
757373
757385
757394
757539
757625
757729
757772
757853
757854
757868
757943
758120
758238
758364
758481
758506
758523
758578
758791
758799
758968
759081
759190
759221
759229
759298
759424
759494
759678
759767
759782
759893
760282
760436
760780
760790
760813
760920
761073
761096
761268
761348
761590
761624
761810
761985
762112
762181
762191
762241
762370
762442
762468
762518
762573
762624
762641
762707
762832
763082
763144
763224
763347
763452
763477
763484
763818
764039
764133
764242
764250
764434
764459
764600
764642
764956
765046
765123
765131
765158
765175
765290
765297
765432
765433
765442
765743
765771
765807
765810
765824
765924
765942
766113
766211
766303
766431
766441
766548
766673
766786
766792
766834
767179
767211
767441
767466
767500
767798
767871
767945
768198
768214
768352
768353
768371
768397
768401
768454
768464
768482
768601
768646
768699
768811
768892
768907
768937
768960
768980
769132
769255
769257
769311
769428
769450
769454
769960
770044
770097
770273
770287
770317
770468
770633
770666
770723
770769
770890
770933
770972
771064
771302
771363
771445
771503
771515
771668
772208
772224
772344
772399
772667
773180
773211
773258
773361
773408
773410
773446
773464
773753
773758
773929
774006
774008
774018
774052
774286
774435
774495
774655
774772
774809
774955
775075
775086
775240
775326
775339
775376
775601
775709
775845
775900
776089
776144
776182
776195
776316
776343
776475
776871
776878
776954
777012
777078
777765
777853
777861
777882
777889
777935
778102
778127
778269
778311
778343
778371
778450
778478
778741
778964
778999
779027
779150
779381
779459
779807
779872
780038
780139
780167
780429
780490
780610
780719
780790
780874
780895
780919
780978
781120
781123
781319
781325
781350
781571
781582
781673
781686
782396
782413
782503
782514
782688
782750
782828
782928
783011
783035
783115
783449
783630
783812
783829
783855
784006
784130
784178
784229
784311
784314
784395
784473
784487
784786
784811
784909
785102
785113
785559
785574
785609
785769
785813
785948
785992
785996
786067
786070
786125
786231
786339
786344
786398
786703
786806
787011
787110
787265
787419
787748
787799
787845
788023
788285
788427
788467
788573
788575
788601
788783
789115
789168
789302
789411
789729
789771
790032
790287
790477
790750
790798
790844
791013
791021
791055
791067
791171
791256
791393
791451
791639
791708
791872
791882
791996
792203
792326
792371
792502
792698
792816
792817
792875
793011
793053
793072
793288
793425
793482
793528
793545
793590
793679
793789
793828
793888
793895
793898
794048
794064
794097
794116
794119
794131
794232
794702
794740
794766
794937
794977
795034
795082
795134
795159
795243
795374
795539
795554
795798
795807
795943
795955
795970
796099
796124
796145
796160
796370
796419
796501
796599
796621
796626
796765
796840
796854
796912
796932
796937
796971
797000
797014
797089
797131
797318
797364
797369
797411
797475
797667
797814
797938
797961
798029
798142
798386
798449
798512
798551
799014
799056
799093
799112
799480
799573
799610
799652
799665
799702
799831
799846
799849
799919
799974
800048
800066
800171
800179
800209
800258
800610
800674
800678
800756
800761
800815
800958
801039
801050
801247
801355
801583
801651
801760
801802
801857
801922
802002
802050
802060
802095
802135
802207
802222
802442
802463
802474
802879
802963
803066
803169
803301
803312
803571
803593
803594
803949
804198
804370
804594
804809
804923
805022
805049
805054
805129
805203
805345
805422
805543
805606
805698
805777
805823
805911
805918
806003
806147
806208
806222
806237
806476
806520
806544
806840
806841
806861
806876
806911
806935
806974
806979
807134
807541
807689
807710
807795
807841
807892
807913
807951
807981
808101
808580
808881
808999
809032
809114
809174
809194
809262
809277
809441
809453
809462
809612
809639
809677
810172
810279
810304
810346
810461
810493
810651
810786
810819
810995
811101
811160
811186
811236
811288
811364
811375
811382
811401
811421
811449
811555
811574
811614
811717
811958
811961
812097
812106
812170
812298
812425
812459
812655
812825
812834
812940
812974
813101
813127
813175
813599
813621
813648
813731
813753
813760
813783
813798
814115
814283
814347
814516
814578
814680
814725
814783
814942
815023
815037
815052
815175
815358
815467
815504
815548
815680
815826
815878
816035
816166
816658
816772
816947
816984
817001
817065
817171
817281
817303
817408
817459
817495
817909
817998
818011
818079
818192
818366
818570
818594
818672
818788
818880
818973
819189
819239
819259
819291
819321
819420
819495
819799
820111
820181
820328
820342
820591
820619
820646
820667
820731
820752
820911
820953
820985
821021
821058
821141
821276
821346
821518
821575
821780
821984
822079
822182
822205
822228
822453
822493
822501
822578
822685
822700
822751
822808
822919
822983
823112
823317
823556
823632
823644
823886
824031
824157
824159
824256
824271
824353
824360
824391
824537
824771
824795
825026
825027
825028
825031
825131
825379
825614
825658
825701
825829
825879
825931
825936
825991
826310
826379
826459
826473
826527
826688
826799
826857
826895
826899
826971
827009
827118
827154
827235
827336
827359
827361
827396
827548
827561
827587
827910
828039
828264
828452
828500
828732
828773
828815
828919
828972
828998
829100
829111
829170
829177
829195
829203
829429
829502
829718
829752
829764
829844
829876
830022
830137
830177
830266
830318
830410
830463
830968
830997
831153
831307
831348
831429
831468
831637
831664
831719
831747
831815
831897
831929
832073
832341
832354
832493
832513
832544
832693
832826
832994
833120
833258
833287
833371
833385
833481
833702
833708
833874
833899
833922
833935
833992
834132
834160
834183
834186
834241
834467
834643
834662
834766
835213
835274
835308
835366
835662
835727
835849
835878
835893
836070
836202
836769
836994
837023
837060
837201
837287
837611
837731
837848
838027
838093
838191
838366
838506
838536
838554
838633
838654
838688
838913
838968
839088
839187
839326
839335
839559
839575
839776
839991
840038
840113
840174
840176
840193
840387
840393
840417
840494
840532
840710
840777
840892
840893
840900
840940
840964
841002
841232
841244
841303
841773
841873
841905
841915
841945
841963
842009
842223
842262
842395
842404
842587
842612
842639
842784
842794
843008
843032
843126
843157
843262
843266
843660
843756
843776
843798
843933
844093
844167
844285
844543
844654
844721
844989
845089
845231
845282
845397
845780
845798
845872
845901
845960
846087
846153
846231
846332
846400
846845
846879
846893
846901
846906
847094
847152
847308
847342
847459
847558
847602
847609
847709
847763
847795
847800
847801
847845
847882
848078
848354
848374
848431
848653
848942
849125
849172
849185
849396
849440
849585
849751
849754
849892
849917
849995
850252
850257
850258
850683
850739
850761
850781
850835
851277
851436
851513
851576
851747
851844
851861
851869
851919
851997
852089
852170
852211
852245
852261
852315
852335
852558
852567
852654
852895
852909
853045
853063
853127
853359
853446
853505
853807
853906
853967
853989
854386
854488
854512
854619
854630
854719
854758
854877
854963
854976
855016
855038
855164
855308
855455
855560
855565
855619
855673
855701
855726
855749
855924
855948
855965
855983
856089
856236
856246
856449
856488
856561
856651
856819
856939
856972
857148
857400
857407
857435
857532
857550
857647
857651
857776
857847
857952
858121
858327
858380
858420
858451
858541
858548
858566
858588
858725
858783
858828
859165
859529
859553
859617
859760
859797
859980
860492
860511
860537
860562
860695
860696
860890
860973
861114
861144
861181
861189
861413
861433
861505
861531
861550
861561
861581
861585
861716
861812
861860
862032
862105
862225
862250
862407
862452
862461
862549
862923
862928
863052
863063
863116
863437
863607
863692
863732
863849
863932
864102
864298
864317
864419
864449
864482
864624
864700
864804
864832
864845
864887
864939
865076
865109
865469
865487
865490
865493
865561
865764
865876
865879
865905
866119
866124
866355
866496
866568
866720
866834
866847
866886
867453
867525
867579
868099
868130
868267
868375
868423
868493
868499
868769
868880
868925
869108
869134
869162
869264
869301
869339
869351
869391
869417
869540
869565
869573
869701
869719
869815
869834
869904
869924
870187
870372
870736
870738
870812
870890
870917
870936
870967
870969
870995
871010
871307
871393
871433
871581
871701
871728
871905
871954
871984
871987
872042
872099
872193
872290
872565
872605
872646
872648
872775
872848
872868
872953
872968
873337
873513
873639
873646
873800
873868
873900
874059
874239
874436
874467
874470
874494
874514
874515
874552
874688
874721
874802
874995
875053
875059
875083
875233
875311
875357
875416
875513
875573
875687
875755
875876
875954
876001
876178
876196
876509
876630
876787
877097
877181
877260
877416
877438
877519
877520
877652
877706
877817
878084
878185
878196
878275
878337
878348
878430
878488
878591
878709
878925
879089
879203
879392
879393
879491
879522
879588
879673
879972
879987
880038
880077
880126
880183
880316
880413
880445
880627
880677
880855
880937
880967
880979
881124
881187
881244
881276
881322
881358
881416
881465
881578
881645
881740
881773
882101
882370
882428
882430
882439
882499
882516
882627
882756
882819
882945
883269
883368
883550
883556
883779
884356
884420
884518
884520
884609
884613
884856
885145
885194
885338
885361
885387
885452
885701
885713
885784
885896
885903
885933
885956
885974
885979
885996
886147
886246
886428
886595
886732
886792
886850
886938
887089
887190
887211
887301
887356
887442
887639
887659
888163
888222
888232
888367
888811
888840
888895
888942
888953
889039
889176
889224
889249
889367
889391
889454
889525
889644
889707
889713
889962
890058
890106
890121
890125
890138
890244
890307
890323
890533
890675
890853
890912
890959
890990
891030
891057
891078
891101
891174
891306
891414
891668
891734
891797
891927
891939
892077
892078
892197
892259
892431
892477
892839
892882
892889
893018
893155
893215
893221
893253
893295
893494
893580
893605
893642
893968
893972
893975
893997
894065
894233
894435
894488
894765
894773
894779
894853
895412
895455
895605
895691
895811
895868
895990
896012
896030
896054
896069
896247
896289
896331
896581
896591
896704
896836
896882
897135
897190
897378
897656
897696
897722
897857
897913
897942
898045
898326
898342
898517
898780
899008
899015
899133
899287
899315
899344
899452
899519
899576
899602
899612
899834
899839
899954
900123
900163
900267
900325
900435
900466
900475
900544
900610
900675
900693
900711
900741
900779
900852
900882
900982
901017
901051
901230
901453
901595
901820
901980
902114
902166
902171
902195
902219
902251
902419
902460
902559
902590
902656
902724
902810
902944
903162
903179
903193
903223
903369
903533
903724
903843
903916
904030
904033
904120
904158
904310
904386
904503
904663
904684
904765
904844
904860
905121
905196
905278
905283
905371
905391
905423
905473
905498
905536
905706
905732
905970
906015
906054
906271
906291
906343
906619
906849
906950
907119
907139
907255
907287
907343
907885
908137
908155
908195
908376
908416
908430
908471
908695
908699
908975
909082
909095
909097
909136
909200
909273
909351
909538
909728
910232
910560
910644
910666
910692
910790
911017
911194
911224
911410
911491
911532
911550
911551
911643
911813
911847
911955
911960
911999
912006
912186
912341
912355
912459
912491
912554
912662
912677
912716
912763
912825
912982
912985
913058
913095
913168
913213
913221
913449
913618
913619
913624
913978
913979
914221
914345
914445
914446
914592
914630
915145
915203
915206
915227
915228
915328
915348
915417
915418
915464
915477
915518
915529
915563
915765
915815
915907
916480
916662
916684
916977
917005
917015
917246
917295
917310
917427
917720
917743
917783
917850
917937
917987
918148
918165
918207
918219
918376
918433
918436
918441
918508
918656
918833
918838
918958
918975
919001
919027
919276
919282
919320
919609
919899
920459
920475
920502
920645
920821
920905
920944
920975
921055
921187
921239
921257
921374
921417
921418
921450
921618
921760
921796
921961
922178
922217
922272
922460
922554
922918
922938
922957
922985
923110
923162
923166
923189
923276
923313
923350
923465
923532
923661
924088
924127
924355
924572
924741
924896
925123
925270
925383
925423
925748
925755
925777
925791
925915
926065
926189
926190
926215
926272
926304
926525
926548
926712
927041
927290
927357
927650
927686
927723
927745
928008
928076
928124
928135
928205
928282
928432
928492
928499
928546
928577
928775
928833
928840
929087
929294
929322
929358
929368
929451
929696
929714
929724
929735
929907
930151
930191
930202
930276
930308
930335
930447
930455
930681
930872
931284
931560
931623
931880
932054
932108
932537
932553
932556
932767
933163
933243
933456
933462
933550
933563
933640
933760
933899
933962
934081
934282
934403
934609
934629
934903
935035
935256
935298
935546
935694
935986
936179
936214
936259
936283
936285
936403
936727
936821
937024
937131
937164
937464
937474
937600
937960
938145
938161
938305
938518
938619
938667
938809
938827
938854
938919
938965
939271
939367
939369
939451
939502
939741
939805
939907
939919
939994
940097
940197
940334
940601
940670
940694
940749
940940
941099
941379
941449
941485
941490
941553
941558
941560
941613
941687
941858
941905
941954
942232
942271
942297
942392
942512
942527
942668
942766
942977
943369
943492
943599
943657
943678
943855
943885
943916
943950
943964
944110
944240
944403
944488
944545
944596
944622
944642
944785
944826
944844
944850
944869
944891
945032
945059
945186
945450
945539
945598
945618
945681
945689
945786
946007
946042
946127
946173
946355
946368
946456
946563
946674
947084
947114
947237
947411
947413
947420
947463
947510
947527
947564
947623
947626
947805
947837
947858
947892
948142
948152
948355
948428
948473
948557
948820
949190
949257
949262
949499
949585
949735
949770
949803
949919
950031
950068
950095
950103
950174
950196
950239
950861
950877
950993
951203
951336
951340
951358
951661
951774
951789
951819
952005
952121
952240
952307
952313
952538
952581
952625
952684
952762
952782
952885
953046
953166
953192
953258
953268
953403
953885
953900
953915
953952
954087
954183
954283
954562
954645
954648
954733
954815
955072
955174
955257
955335
955385
955427
955437
955515
955538
955554
955731
955880
955908
955961
955995
956210
956219
956229
956317
956422
956581
956617
956633
956657
956695
956717
956720
956892
956959
957028
957077
957315
957693
957717
957734
957829
957957
958038
958174
958201
958218
958238
958242
958252
958384
958580
958613
958642
958825
958827
958840
958904
958972
959028
959167
959314
959423
959714
959998
960202
960203
960316
960501
960651
960716
960750
960825
960831
960935
961037
961096
961129
961206
961242
961625
961674
961702
961723
961747
961779
961863
962012
962157
962226
962581
962744
962778
962956
963118
963190
963251
963406
963481
963623
963743
963812
964072
964144
964230
964272
964415
964445
964602
964616
964628
964909
964936
964950
964977
965154
965494
965579
965673
965705
965720
965946
966109
966132
966268
966399
966490
966591
966906
966919
967003
967162
967301
967337
967416
967433
967453
967536
967543
967577
967659
967675
967719
967741
967803
967857
968030
968193
968254
968331
968381
968545
968605
968740
968895
968905
968985
969154
969211
969477
969737
969826
969954
969956
969996
970319
970854
970922
971095
971099
971144
971309
971547
971589
971607
971705
972123
972194
972416
972444
972510
972631
972662
972688
972978
973025
973108
973116
973187
973220
973300
973475
973483
973635
973955
973963
974192
974383
974419
974477
974493
974505
974522
974581
974630
974668
974796
974848
974917
974925
974931
974938
975000
975135
975161
975165
975178
975674
975747
975856
975885
975918
976115
976241
976517
976632
976654
976663
976719
976769
976795
976810
976815
976828
976891
977215
977459
977508
977682
977786
977791
977889
977919
977966
977986
978039
978116
978121
978124
978457
978483
978664
978802
978989
979006
979088
979093
979184
979321
979667
979678
979740
979862
979950
979980
980059
980275
980344
980379
980426
980582
980636
980671
980774
980882
980907
980968
981131
981182
981311
981330
981338
981616
981628
981746
981988
982084
982105
982150
982191
982320
982350
982437
982467
982536
982786
982793
982840
982874
982891
982896
982968
983005
983102
983473
983705
983767
983780
983889
983891
983943
983977
984297
984583
984621
984652
984719
984934
985019
985022
985105
985406
985422
985761
985808
985812
985875
985932
985933
986150
986224
986459
986512
986516
986573
986580
986592
986598
986897
986944
987008
987081
987118
987163
987394
987416
987539
987659
987707
987708
987885
987983
988065
988148
988293
988410
988453
988552
988563
988705
988813
988837
989003
989123
989229
989325
989529
989568
989740
989883
990002
990055
990084
990543
990723
990773
990781
990844
990850
991702
991703
991706
991951
992106
992170
992379
992517
992708
992753
992901
993326
993328
993334
993339
993362
993538
993864
993886
993911
993925
994054
994078
994165
994273
994332
994389
994797
994868
994947
995120
995135
995137
995247
995461
995613
995643
995662
995718
995808
995839
995885
995962
996021
996024
996052
996347
996360
996398
996476
996505
996574
996580
996655
996710
996948
997136
997224
997263
997340
997364
997433
997561
997602
997620
997696
997872
997900
998106
998361
998468
998488
998526
998536
998664
998675
998708
998937
999313
999358
999720
999727
999837
999842
999918
