153713
118431
119423
224878
355647
130595
541079
53565
447655
604312
393460
562181
310511
560047
967681
770067
680445
642802
942581
76375
766794
572641
96886
655526
251146
469944
333204
712623
856975
326963
299550
256209
624253
349801
187831
822047
54615
833474
95240
364364
457032
578396
823908
129878
443921
940303
656881
181347
98914
229480
721502
27512
428424
612035
255439
603730
307482
76796
908218
794419
541711
609096
346676
944393
126656
20511
50273
672029
297699
618373
82493
589610
899
553991
136253
302034
214499
513179
989609
891321
54563
630058
212301
485605
35661
414554
29423
950183
111799
552858
104072
428325
545426
980366
517707
625994
354100
179797
746061
244467
495832
336430
131114
638308
533403
231474
981074
68728
966458
755264
156044
82548
192010
583300
8147
32892
858330
357712
311733
75227
542579
592431
161302
136952
533747
53650
898448
703698
488954
876586
762436
761387
482938
296276
271886
333
610260
759306
781985
295272
618863
332124
282123
571209
643130
348029
231063
61798
744382
323837
804286
725230
531024
835709
803383
755718
449075
366963
351478
842357
575224
633676
32590
436137
20568
991604
97758
372856
716475
724178
252180
336536
656128
839317
999865
959744
338071
332805
270600
672782
466467
704716
898621
235792
414395
189964
772584
173295
201839
446608
374936
129929
11130
904050
945229
752335
292872
740767
158147
556873
903066
238485
6229
939338
104425
940059
286376
105254
880055
179628
834883
220255
597961
931817
962185
263605
435056
834082
559039
556850
680622
504863
239235
236959
103555
518673
721341
722251
706169
310170
170577
91927
99431
470083
1784
9892
283247
147221
783098
408307
235667
40673
114873
463117
410505
754922
583056
560289
243479
315251
500848
109150
853438
805400
173725
280758
237249
587325
347485
211164
761715
394166
513161
725352
639415
321863
147680
188403
986232
433240
18399
99398
169446
562672
480878
581
788176
689914
485387
400558
370193
240958
299272
969377
879012
624064
987236
437648
872484
2769
754333
392874
404335
163454
876655
719821
671507
453002
824777
494477
918205
188890
448563
804765
609084
330314
938093
623919
18228
602332
365268
912740
880209
407901
539652
591633
976143
760089
955995
164813
285077
615258
830073
788445
534590
525380
974148
125897
32948
325529
998937
689408
778607
181893
936277
494423
750693
682614
836259
996533
370611
558458
828940
699207
560078
755762
645138
661305
186777
306855
105318
788420
7384
929660
153391
487700
536077
616431
775499
628669
689131
344790
294443
970881
737011
547
25659
598233
727734
548895
15468
424424
374600
458025
907958
797803
144278
962131
451414
138372
212572
411060
565956
634706
885703
176480
846754
824863
527824
232736
707315
51445
443622
472198
251936
6003
190224
937385
370491
528223
524246
881213
850143
489066
803165
669354
608157
133487
251986
431702
641851
65227
910625
338800
817248
970751
979072
841272
121662
389858
305337
226410
702843
884209
700995
791934
359484
281789
419541
362369
585429
582324
468983
668241
177598
275921
441817
381719
323567
959208
951167
356393
122137
777042
567472
21183
586601
23051
146761
310705
658213
502130
403599
574667
388771
108506
281043
46496
230069
888403
554097
690968
347805
921173
728668
33266
361217
817480
981049
975782
150362
329065
676892
675482
496048
87914
913679
724341
153375
41750
912104
596207
710191
604587
301796
981123
691741
409591
735365
692917
841569
596109
958074
620011
117918
382357
364628
767704
911517
688263
4770
518564
582650
920968
187234
775110
794039
19158
849550
306960
720122
913671
14079
75860
734735
790547
945260
262810
893885
42807
648859
617703
129429
223917
269433
165683
820438
778940
272668
183625
240716
67190
783243
755470
728253
663657
653404
198573
41658
658218
320523
307930
316384
393011
814629
383681
179370
895317
530477
573366
519732
973638
838845
781570
845997
925001
848154
215570
640870
480029
994668
862379
317898
45795
993584
784024
226354
453795
184034
141795
910872
346541
357312
314149
738127
131734
218122
294641
952914
504327
29421
467382
550209
624838
594899
395556
658578
942966
865905
760695
813110
139644
917886
192185
721491
366595
103046
960752
157484
340300
720842
126235
490630
89806
709888
104277
809253
262188
663618
547175
259856
432073
782207
277705
759379
491794
863366
82767
977749
137698
719069
991473
964302
996782
583601
29538
315664
170679
397824
393859
927833
590032
728704
670838
145521
808735
502508
998594
636729
182942
274013
95143
683303
955918
670874
491836
998497
317634
183452
597857
665003
850331
159123
751156
256708
985675
76013
534232
84264
261278
279300
622872
506915
531235
921457
45693
236341
219359
590426
816575
323619
611039
245181
685240
156974
80018
940858
673032
954201
932742
816816
826794
186293
631601
949729
331107
177403
124680
763693
668872
339110
43972
670395
761929
893838
105974
4687
627113
868475
397459
474459
542207
478581
803311
826573
817288
606081
121211
554296
811524
610388
30956
23440
576606
483384
638648
360499
743340
394457
542947
329250
64170
835912
346861
445422
780683
84663
685992
896239
339291
268741
843358
497864
992947
854354
219518
560273
339314
538164
701415
810108
643258
503528
232510
884197
895946
131388
913229
775152
123090
73050
234492
829367
412919
636896
133203
480799
860487
478059
780490
859805
107646
760930
413271
994505
7886
988585
566278
499243
938787
33721
795031
683792
868139
665736
330272
616274
160913
222069
578871
859344
12333
704120
113087
476204
113660
323939
243921
89659
846371
655305
364054
578399
497458
928856
724412
520315
742803
367858
291113
924144
483365
398135
537073
315670
628095
319249
853459
273687
853937
883105
960805
133437
233694
300418
149074
546239
660706
19537
613272
20019
936251
76321
883084
479177
197265
713456
865405
197551
509763
986259
450031
584904
716041
415392
806056
507176
592626
189919
201986
470801
798456
439591
664554
286173
407466
273507
997955
161229
451598
164317
589440
470181
235504
92329
880479
195559
990697
192174
579334
651364
511954
241616
155945
634713
769134
568744
99959
297685
92665
605643
7189
409223
382758
954704
179152
701707
856624
768242
526812
107896
953
972649
481306
146248
81958
209529
459744
915094
982774
694552
100274
897820
484106
480644
57116
739876
421216
149381
272983
610190
583338
394960
552448
452084
164991
899240
192686
840505
858962
900403
294173
626667
706989
422231
600630
166481
389221
21605
52959
219702
8366
481036
150294
103797
499555
396803
233962
800452
900530
284967
446101
741950
954711
754464
599660
510539
986029
250
56907
132739
324152
10133
947237
814187
147069
499329
260267
294571
268489
588572
627953
713133
973442
546373
825655
713023
623484
818545
370114
639023
362646
444604
328119
427445
793580
945252
395305
40363
186051
135842
530145
252227
711257
553318
546401
625648
79411
330243
257287
471489
650239
754067
469545
305649
520709
753994
51442
485374
925440
845339
244885
762695
466483
668924
793363
729574
687440
184850
676933
33075
957034
811691
993183
529283
476506
495935
722789
655455
388951
864750
509404
799012
4296
590274
442027
246825
694666
325728
564196
901785
311788
283955
56186
641997
406318
249994
274378
272750
579643
907525
953659
776731
594757
220044
768798
449237
475411
907400
907006
806017
488122
979377
774558
151671
39257
59587
315779
278763
807277
78926
88988
778621
920780
878331
953250
757795
314813
75722
424502
745783
231082
438501
27702
263032
979041
722101
673230
571646
375386
8271
502963
676015
714819
619535
952363
679021
280311
269558
445586
278029
139405
482287
968438
205241
833918
78107
248600
100777
436522
415670
698907
633302
820149
195418
304507
684685
421948
739236
319532
317524
776660
845865
955169
437421
413468
478398
459518
41201
310497
563006
672603
851005
572457
359521
892461
325357
474253
498078
294595
685478
951927
535685
378712
949193
676142
762137
941224
147993
492734
594543
550096
180133
310101
414064
843183
128598
303188
929713
611395
632233
221513
489211
698928
734014
158838
366541
570497
976526
986843
851938
32782
148029
879245
985338
528401
242755
719993
571584
875595
162801
718876
479743
482612
821820
499017
751390
103870
710590
902741
281932
534601
464660
305593
242130
642212
718360
832080
944162
939701
838615
100351
792885
527872
451235
663206
482870
265375
581057
107604
324997
720247
511462
906234
497284
961566
172526
271462
100776
285298
120986
942445
68366
720554
10928
430957
994865
644119
984209
620985
545373
170753
110658
4867
113037
571354
468270
950876
945466
844116
156921
427113
168653
661769
103839
414415
206950
115974
717341
833130
118306
376867
279492
699576
281110
237053
574943
371512
249977
520185
168930
613674
857313
387038
971317
147011
666653
380960
115818
769219
687551
291017
628199
706149
229035
738457
485845
544097
253328
422993
68944
282785
937445
434096
714324
937812
716265
555508
482711
459329
166884
950207
267371
797803
217385
615623
294863
138449
619474
510202
615785
664141
28134
644538
476215
560501
363351
605375
943037
674168
399102
271668
805965
718604
653847
816812
603571
822842
255204
345464
446777
326534
431813
918432
129510
70795
512935
896123
304638
680521
861996
493081
261664
159703
729277
230078
621453
145878
517287
815112
432890
865814
79092
958732
597805
499106
187688
943362
573216
102443
439090
408230
922305
810497
273667
787264
146963
532289
61791
904890
853055
608401
280233
32923
118022
799545
369613
820896
802115
143548
236581
862791
542176
468916
302855
226723
844408
836086
287212
606965
536876
474196
366037
143333
385345
940876
932820
69641
824211
34973
462169
174044
328324
440575
63768
322616
509919
426287
260684
227095
191424
207273
118254
691986
415856
548961
267064
827229
951072
141860
67491
694178
597611
514691
661042
523170
957205
713680
954436
807106
63186
634137
287459
55890
897128
707310
239611
386054
237889
374780
505751
807500
572702
198188
205148
54088
534803
288830
405720
346161
804192
176660
883815
449184
399219
695318
469902
445615
713248
616336
118663
828022
942669
973972
381562
308078
407133
847535
234584
695693
799087
449470
10704
679073
466055
363029
192517
66414
629611
441685
612898
205580
783630
492993
635113
641
136843
331803
12810
730900
559541
542027
497681
459032
128096
321754
861515
551366
893431
268898
196806
20383
49169
546902
58529
23155
68247
744066
108237
259448
232823
41898
845781
193674
532530
240126
689021
844318
556320
453543
113622
227294
194880
708781
947346
216556
696007
973602
365661
404685
774306
207765
603870
612408
410420
9577
321957
629648
871193
171001
222111
88221
241974
918243
863526
364120
745721
146378
685949
674172
501428
481699
113407
146103
353260
533025
328808
92185
881978
974697
837095
487804
828849
824186
711848
135523
820985
686827
394115
577706
161753
324262
921445
718450
767105
398192
612590
478882
767560
49068
810131
249605
365691
456628
933405
348515
17577
126157
929687
598077
776124
47086
493536
326869
232359
116017
290624
423715
14250
302828
604275
90821
191202
550545
787836
987651
122243
471691
821997
133522
360543
457854
748627
373224
600682
503325
791840
178542
647999
872572
672277
54642
381834
415099
505006
278287
142587
119631
115192
540608
535232
832035
988487
25166
824306
203562
358717
266578
522095
422141
495245
271329
609159
221504
23188
579664
416178
239650
522795
396860
904833
583534
152484
228363
640465
55325
104035
840400
642020
260292
307124
682519
688413
865780
222670
290076
157984
979676
811697
344165
993265
530510
148709
689729
806628
83153
496998
117972
891122
894312
20026
554383
484150
820437
952556
769106
336526
992349
968417
615439
442264
733760
747125
178295
798535
74854
405131
858888
137157
360189
95698
171150
769216
314889
395464
358215
368020
533437
667231
518698
717172
353676
10143
972255
770693
815770
804579
906642
649470
132172
840238
774640
52574
919090
176892
947458
628033
267958
892744
701265
871521
149194
111423
731195
782123
248596
111530
975965
754398
663552
310095
196511
898881
838566
309878
451802
815442
846148
488683
318706
87871
486665
84224
324250
344038
704879
860616
790669
150851
378905
93574
892947
352128
25530
679742
579447
641096
567326
722995
716584
104077
547242
159380
259045
478056
608476
548990
990639
327120
388733
246424
919543
214748
671426
632615
818340
564191
771925
674079
361393
819126
910076
349323
344212
735646
242905
534388
373469
25522
766069
491187
433552
306726
602639
149069
991438
30351
985786
64771
202515
897230
219604
590047
338139
142987
355019
35110
293885
257313
236956
234742
898218
155683
850472
397177
596104
190180
483926
426722
533025
931115
40201
842869
973427
478446
966064
469731
449583
57856
543257
7320
34051
796946
962603
571336
24471
588036
963721
696992
914949
825370
434843
394716
214993
945613
767900
828597
412915
283733
606302
35072
917234
673599
931662
847709
500053
396893
205023
355162
474786
596454
12176
756044
900921
254586
321698
17785
3855
274707
60327
441377
347146
966845
27427
278379
298911
543159
188516
611376
163940
633947
894482
176556
12689
666904
400835
236012
792990
12513
822191
725907
832794
932922
689713
634541
12788
261455
441661
38304
358208
852611
635975
80374
932223
393936
180341
812854
709509
143928
494646
13395
460503
922504
138346
898814
804803
73528
311724
596448
952003
219120
787924
509633
429108
992658
461178
754676
298559
633516
543218
375378
642834
764562
922621
862968
454063
275487
975201
860734
596256
246980
729113
395222
777957
603705
760513
9724
289456
146169
553856
342412
239716
964235
477812
646104
723463
868141
412578
833320
458972
526193
644997
921800
298935
943063
61257
221284
453798
72107
408429
173698
57293
380407
735967
585101
437344
940048
860107
426892
996862
536651
627782
449542
732780
510729
651227
904584
752356
613855
504176
167166
366134
208242
857310
897190
869420
863171
957931
63011
977634
986346
618050
330463
147187
722455
353413
215059
667646
653967
328288
298118
66440
100526
864474
921902
319632
150335
292064
457345
54123
