510322
448443
874630
505914
323249
708825
956188
141595
973
845627
989268
755983
548643
785136
154900
94480
794471
748677
328626
967741
582642
77780
915815
290756
155689
656064
896782
944642
783524
653494
367883
434695
139857
101584
374886
122666
36647
143364
119803
399480
481960
909798
975146
354553
863559
501628
334596
671206
307728
371734
831747
37726
615624
277845
410887
981615
782503
321597
955517
117560
597086
570971
171747
89393
834643
355259
918575
141708
31349
255311
840538
446290
454105
547310
897528
644712
313480
989462
295503
582690
260511
962699
482622
969547
28088
929050
734955
98485
975399
645901
438474
402129
861222
113060
950731
943855
688193
8288
928768
442464
623728
857736
282002
660071
83440
754347
254001
508323
726108
174789
282169
313018
188300
110480
796971
356426
355016
131377
645901
153375
472672
808267
628109
296667
217940
22037
808768
204893
280140
734841
848284
451539
582300
855366
543875
412013
569876
710401
47963
802150
530355
142627
655084
132445
898059
705437
430545
459204
508826
279113
187628
139681
571239
490713
489521
196279
279216
510300
966466
876283
757097
91976
826704
729298
959727
748181
676928
976823
797990
833416
413077
863732
854281
628516
435302
763984
206444
241820
74406
111892
389743
257744
602095
791882
455454
284446
852335
168178
739412
650948
314591
940515
158651
877602
725467
393061
135240
273632
939219
702772
